[3205, 14021, 13908, 3204],
[17220, 17321, 702, 704],
[6206, 12819, 12712, 6206],
[7211, 12111, 12019, 7210],
[19909, 301, 301, 20027],
[8808, 8813, 11817, 11817],
[10612, 10013, 10612, 10012],
[19807, 1503, 19730, 1505],
[12109, 12114, 8612, 12215],
[9803, 11917, 11916, 12017],
[12707, 16220, 2006, 16118],
[8603, 14915, 8612, 15021],
[20012, 4108, 20022, 4105],
[5306, 20025, 20008, 5306],
[20010, 7309, 7315, 20030],
[7412, 7411, 20027, 20022],
[7512, 7508, 20027, 20019],
[9808, 15115, 15220, 15118],
[20010, 7912, 20024, 7909],
[16512, 16616, 7715, 16521],
[9503, 9514, 20023, 20028],
[20018, 11914, 7513, 20029],
[20017, 20027, 8012, 12311],
[8809, 18218, 18208, 15616],
[20015, 10714, 10714, 20017],
[8107, 20018, 13619, 20026],
[8907, 20013, 14215, 20025],
[14005, 15914, 18523, 18618],
[20011, 20021, 6810, 20016],
[20010, 17320, 10414, 20020],
[20011, 20020, 20021, 8412],
[8906, 20015, 20019, 20020],
[15617, 20019, 14216, 20013],
[20003, 20012, 10010, 20021],
[15310, 18318, 18216, 18221],
[18204, 15916, 18120, 18116],
[20010, 20015, 11416, 20019],
[20006, 20018, 11411, 20011],
[20005, 15617, 20021, 15613],
[20008, 20013, 12117, 20023],
[20008, 20020, 12112, 20019],
[901, 902, 13720, 13724],
[16910, 16916, 20023, 20018],
[20011, 20015, 14211, 20024],
[20012, 20017, 16416, 20019],
[18512, 20017, 18513, 20017],
[20011, 20018, 17921, 20019],
[20004, 20011, 20010, 20017],
[20006, 20018, 20004, 20013],
[20005, 19918, 20013, 20018],
[20011, 20019, 20015, 20014],
[1005, 20031, 20030, 1002],
[4705, 5110, 5110, 4706],
[5806, 15721, 5809, 15618],
[7610, 20026, 7608, 20026],
[6206, 15220, 12714, 15218],
[20005, 20024, 10514, 12214],
[19912, 20022, 10916, 10915],
[20005, 20022, 6611, 6612],
[20008, 20023, 11514, 9012],
[14818, 14713, 12608, 14710],
[20009, 13619, 8013, 20026],
[20007, 20019, 5511, 20021],
[7306, 11419, 11405, 7310],
[20010, 20019, 6110, 6102],
[8305, 17814, 17921, 17722],
[7703, 15721, 15318, 15620],
[12903, 12914, 15215, 15216],
[7509, 17318, 15716, 17318],
[16010, 18924, 9113, 18815],
[15218, 10611, 13717, 15221],
[8706, 8715, 12816, 12817],
[19914, 7710, 20030, 7713],
[7509, 20024, 11719, 20020],
[1404, 3307, 1402, 3307],
[20013, 20026, 6511, 6512],
[14108, 14117, 14017, 10413],
[7308, 20023, 20006, 7315],
[10304, 15919, 15919, 10311],
[20015, 20017, 20018, 10515],
[7507, 16520, 10917, 16520],
[20007, 12911, 12914, 20020],
[20005, 20021, 12209, 20022],
[20002, 20014, 8017, 20020],
[19412, 20020, 10506, 20021],
[13614, 13513, 10710, 13515],
[9307, 17822, 17706, 9314],
[20004, 20025, 12113, 8615],
[17512, 17621, 7914, 17514],
[20016, 7207, 14014, 20023],
[14702, 20020, 14718, 20018],
[903, 20028, 902, 20029],
[20004, 18112, 18117, 20020],
[12803, 20016, 12811, 20023],
[19911, 18317, 10012, 20019],
[6809, 6804, 8013, 8013],
[20003, 20010, 12815, 20019],
[20007, 20019, 10309, 20023],
[11508, 17318, 11511, 17323],
[19915, 20020, 8811, 15520],
[20015, 20019, 8612, 20004],
[13609, 20021, 13612, 20021],
[5904, 15818, 15806, 5912],
[20004, 20018, 11807, 15815],
[20003, 20020, 20018, 15016],
[9909, 15220, 15111, 9915],
[12504, 12512, 13014, 13014],
[20014, 20020, 6513, 20022],
[17012, 17317, 6612, 17220],
[20007, 20018, 15713, 20012],
[20010, 20015, 8314, 20020],
[1602, 9021, 9007, 1602],
[11411, 20028, 19911, 11410],
[9912, 20023, 20025, 9913],
[16113, 6006, 16223, 6005],
[13016, 13117, 13014, 12312],
[9907, 11619, 11611, 9912],
[20010, 8910, 10816, 20024],
[4502, 4510, 9111, 9116],
[11710, 16717, 16827, 11710],
[20004, 20017, 14114, 20019],
[13713, 20025, 7909, 20028],
[20008, 20020, 8013, 16417],
[6807, 14420, 14312, 6810],
[20015, 9711, 11819, 20024],
[10203, 10212, 11914, 11918],
[20014, 11112, 20011, 20018],
[20003, 20019, 20013, 20015],
[8106, 20024, 20011, 8113],
[13008, 19320, 19324, 19404],
[20004, 20016, 20020, 20016],
[7008, 7012, 15123, 15223],
[14614, 20024, 5810, 20018],
[14804, 20022, 20012, 14811],
[4007, 17922, 4006, 18023],
[20003, 20014, 11612, 20021],
[20006, 20021, 9411, 9415],
[16410, 20020, 7915, 20018],
[17514, 20021, 8414, 20017],
[20006, 20013, 17019, 20020],
[16206, 14420, 14418, 16218],
[20006, 20016, 13715, 20013],
[12904, 12816, 12815, 9214],
[11810, 11919, 11011, 11815],
[20004, 20019, 9513, 20020],
[20009, 20016, 15213, 20020],
[20010, 20015, 16516, 20019],
[20005, 20014, 20011, 20017],
[20013, 15303, 20020, 20020],
[201, 201, 17224, 17325],
[12004, 19624, 19526, 12009],
[20013, 20020, 19217, 6611],
[6910, 20020, 20006, 6909],
[19907, 20020, 7809, 20021],
[10103, 13922, 13813, 10110],
[20009, 15612, 20016, 15617],
[18205, 20014, 20019, 20015],
[7307, 7309, 10717, 10818],
[20004, 20018, 12014, 20017],
[8708, 20022, 8710, 20021],
[19010, 19115, 13513, 19010],
[20006, 20025, 11707, 11717],
[9107, 15920, 16027, 9113],
[13810, 13813, 20023, 20020],
[7509, 14021, 7510, 14123],
[18811, 20019, 20013, 20017],
[18110, 18222, 7315, 18121],
[2906, 10416, 2905, 10320],
[11213, 18618, 13217, 18622],
[20013, 20015, 11610, 20019],
[8001, 19624, 13913, 19521],
[9009, 20026, 19515, 20018],
[20010, 20019, 6310, 20017],
[12803, 14316, 14309, 12816],
[11612, 14018, 9010, 14018],
[20009, 20020, 9809, 20021],
[6804, 9413, 9411, 9517],
[8305, 8311, 10006, 10117],
[8803, 14524, 11211, 14421],
[10709, 12116, 12116, 10616],
[20015, 2704, 20029, 2705],
[20011, 7909, 14013, 20022],
[7407, 15721, 7411, 15824],
[7910, 9814, 9714, 9715],
[11611, 18417, 18423, 16115],
[13912, 20005, 20017, 20020],
[20012, 3606, 3606, 20027],
[6002, 11318, 11212, 6010],
[20006, 20020, 15313, 19722],
[20008, 20023, 13616, 11913],
[11110, 11112, 17716, 17723],
[17417, 20022, 20024, 9012],
[1603, 12815, 12919, 1602],
[13010, 13119, 6811, 13016],
[14609, 3604, 3608, 14622],
[501, 12116, 12001, 501],
[20008, 20022, 11611, 14617],
[19906, 20021, 11317, 20018],
[20008, 20018, 13314, 20011],
[7606, 20017, 10517, 20023],
[702, 702, 13317, 13423],
[20004, 20014, 12213, 20024],
[16811, 20017, 9713, 20024],
[19913, 11114, 11111, 20024],
[19905, 20011, 17517, 20019],
[20014, 20004, 13314, 20020],
[20013, 20018, 13217, 11109],
[20013, 12217, 7511, 20023],
[15904, 16012, 7713, 15919],
[12402, 19221, 19116, 12410],
