[7509, 11914, 11912, 12019],
[2105, 20020, 2104, 20027],
[12816, 12816, 12916, 7611],
[3405, 20023, 3403, 20027],
[10312, 16124, 16024, 7710],
[5907, 20029, 5913, 20022],
[9013, 18523, 18523, 9009],
[11915, 20028, 5310, 20025],
[15214, 15318, 15216, 11811],
[20024, 9311, 20028, 9309],
[7812, 20026, 11611, 20023],
[15815, 12113, 15813, 15919],
[9910, 20020, 20027, 9913],
[13016, 16013, 16118, 16017],
[14616, 20023, 6709, 20024],
[10812, 20027, 10812, 20021],
[16821, 11211, 16816, 16917],
[10810, 20024, 10810, 20017],
[17618, 9316, 17616, 17720],
[20025, 10011, 13715, 20024],
[9712, 14317, 20023, 20019],
[20021, 20024, 14816, 9214],
[14413, 20021, 9810, 20023],
[8411, 20023, 16318, 20014],
[20027, 15214, 9609, 20025],
[17012, 19017, 9914, 19021],
[20021, 6412, 18820, 20010],
[18121, 7309, 20024, 20025],
[13010, 13017, 20026, 20021],
[13411, 20022, 12814, 20020],
[18621, 11010, 18513, 18517],
[20021, 10113, 17215, 20019],
[10011, 19019, 19119, 19016],
[20013, 13813, 20021, 13818],
[17215, 19822, 12103, 19720],
[20018, 9214, 20019, 20013],
[15107, 15116, 20022, 20017],
[20022, 10410, 20021, 20006],
[20017, 15311, 15314, 20019],
[20017, 10812, 20020, 20008],
[20022, 20022, 11011, 20013],
[20018, 20015, 20023, 11312],
[20018, 17619, 13908, 20020],
[20019, 15912, 20022, 15916],
[20006, 13616, 20021, 19018],
[13020, 19918, 20019, 19918],
[13812, 20021, 20019, 20016],
[13917, 20016, 20019, 20022],
[20014, 20015, 20019, 20005],
[20013, 20015, 20004, 20018],
[12819, 12615, 9409, 12713],
[1104, 1103, 14521, 14624],
[1905, 1903, 19522, 19525],
[12216, 12215, 5107, 12312],
[201, 16125, 16018, 201],
[20025, 9508, 20026, 9511],
[8311, 9814, 9915, 9808],
[9012, 13314, 13218, 13215],
[14011, 14014, 6710, 14120],
[20020, 20021, 6210, 20016],
[12915, 12913, 12511, 13017],
[10509, 17319, 10516, 17421],
[8910, 20022, 20020, 18611],
[16118, 20023, 8811, 20019],
[12717, 12609, 12414, 12612],
[20015, 20027, 15123, 5310],
[20008, 20017, 20019, 20009],
[20015, 20017, 18218, 20015],
[15316, 15317, 12216, 15419],
[17922, 20016, 6210, 20021],
[20019, 20021, 20019, 10213],
[20021, 17020, 7210, 20019],
[20003, 11615, 20019, 20017],
[11310, 20024, 20025, 8309],
[20017, 20024, 12013, 12012],
[20028, 20022, 8611, 13413],
[9104, 20027, 20027, 9110],
[18124, 12312, 20025, 20020],
[20024, 11815, 20021, 7912],
[7511, 20025, 20029, 10713],
[11415, 18919, 18814, 18818],
[15813, 20006, 20017, 20021],
[18916, 13615, 20021, 20015],
[20017, 20010, 13016, 20020],
[16513, 16618, 14116, 16514],
[20022, 20011, 20018, 20011],
[20013, 20013, 20013, 20019],
[20023, 10012, 17719, 20023],
[10111, 20026, 11414, 20021],
[15907, 20020, 18214, 20010],
[20018, 16811, 20007, 16816],
[20020, 20006, 17015, 20013],
[20005, 20016, 20017, 20015],
[17115, 20010, 20021, 20017],
[20005, 20017, 20012, 20014],
[20017, 20006, 13118, 20015],
[20017, 17109, 17314, 20020],
[6709, 6609, 7312, 7312],
[6803, 17919, 17825, 6811],
[20006, 20018, 20017, 20014],
[20004, 20016, 18711, 20021],
[16513, 20018, 20016, 20005],
[7312, 7312, 6710, 6710],
[20015, 20021, 8109, 20022],
[11712, 12515, 12610, 12518],
[10907, 20027, 10916, 20017],
[9014, 8913, 9014, 9109],
[20006, 20020, 20022, 11914],
[12013, 20012, 20010, 20020],
[4208, 4207, 20029, 20020],
[20018, 20010, 17717, 17615],
[18515, 20024, 8312, 20016],
[6813, 12722, 12612, 6809],
[16917, 17025, 8813, 13013],
[11012, 19421, 19421, 11011],
[2706, 2703, 18625, 18625],
[12717, 17121, 17217, 11012],
[17921, 4911, 18026, 4909],
[20022, 10512, 20014, 20021],
[20004, 20013, 8711, 20021],
[20015, 20025, 10817, 6711],
[20008, 20015, 20011, 20021],
[16018, 14111, 15915, 15917],
[20005, 20019, 20020, 11114],
[18415, 8011, 20018, 20024],
[17825, 7509, 17820, 7311],
[11608, 20019, 11616, 20020],
[15517, 8314, 8313, 15523],
[20018, 20021, 12315, 20015],
[15518, 15625, 11915, 6411],
[14118, 16618, 16722, 10010],
[20021, 20020, 20011, 9616],
[19623, 8013, 19523, 8014],
[20011, 20018, 20003, 20013],
[20022, 19319, 20022, 13412],
[20012, 20015, 16516, 20020],
[20023, 10312, 20022, 19923],
[20018, 12916, 18118, 20021],
[18516, 18616, 17215, 18514],
[9712, 20023, 20028, 9710],
[11213, 20021, 19205, 20019],
[9913, 20023, 16922, 20016],
[20023, 20024, 10915, 19720],
[4008, 18925, 19030, 4006],
[19724, 4408, 4408, 19725],
[6214, 19420, 19427, 14713],
[20020, 16518, 20008, 20016],
[20022, 13011, 20022, 20013],
[20020, 12513, 20009, 20019],
[14415, 20019, 17314, 20021],
[19919, 15115, 18513, 19914],
[12619, 4308, 12614, 4308],
[20018, 20017, 20008, 20006],
[20022, 20024, 9109, 15113],
[17019, 17123, 6608, 6611],
[20004, 20008, 20018, 20018],
[15012, 20017, 20020, 20009],
[19922, 19922, 7408, 20023],
[7412, 20027, 7411, 20025],
[9415, 19016, 19125, 9410],
[16413, 20013, 20022, 11310],
[4206, 4204, 20030, 20024],
[20013, 10916, 20010, 20020],
[6611, 20026, 20020, 6611],
[10512, 10504, 20019, 20023],
[10315, 10310, 15718, 15715],
[13115, 13115, 12311, 12313],
[9014, 17919, 10318, 17919],
[17720, 17822, 9309, 9311],
[20011, 20019, 8512, 20007],
[17317, 6112, 20023, 20017],
[20004, 20015, 12415, 20021],
[20021, 20028, 11312, 7509],
[19120, 19221, 10916, 19108],
[20025, 6108, 20025, 6110],
[20010, 19015, 11813, 20022],
[20006, 20023, 20019, 9512],
[20012, 9916, 20003, 20020],
[15118, 20017, 12117, 20022],
[13615, 13611, 11713, 13716],
[20013, 20004, 11817, 20020],
[11610, 20018, 11617, 20020],
[20016, 20007, 20022, 10513],
[15617, 15616, 11213, 15718],
[20021, 20022, 18815, 9511],
[20018, 12512, 17020, 20017],
[4710, 14621, 14624, 4707],
[11812, 20022, 20018, 20010],
[15404, 20020, 20018, 20013],
[20006, 20015, 20012, 20017],
[20008, 18021, 9616, 20014],
[19922, 10713, 19821, 18017],
[13613, 20026, 20022, 10009],
[18811, 20019, 20017, 20016],
[15612, 20016, 20021, 15618],
[20017, 20014, 6511, 20021],
[8816, 11219, 19925, 20026],
[20009, 20017, 20004, 20015],
[20022, 16414, 10809, 20024],
[19819, 11515, 20021, 20017],
[19816, 19922, 8203, 15718],
[9212, 14514, 14513, 14618],
[19013, 20019, 19012, 20017],
[10312, 20019, 20009, 20020],
[9913, 8409, 9816, 9911],
[12312, 12310, 8413, 12416],
[20024, 13414, 15515, 20023],
[16611, 20022, 16612, 20016],
[16215, 16223, 11414, 8109],
[19818, 13115, 20006, 20018],
[12814, 18016, 18320, 18320],
[17710, 13812, 17722, 13815],
[11110, 11015, 18018, 18022],
[20018, 2808, 2808, 20023],
[18719, 11117, 18716, 11115],
[10013, 20023, 20016, 14713],
[18828, 7210, 18727, 7212],
[7314, 20021, 20025, 7312],
[20022, 20021, 12518, 9711],
[12110, 12114, 17322, 17420],
[10613, 10612, 13014, 13014],
[3006, 3004, 9014, 9020],
[19718, 14217, 15315, 19723],
[9016, 9013, 5009, 5005],
[20022, 20021, 15111, 15112],
[9212, 16723, 16623, 9209],
[20025, 20021, 7913, 7914],
[20026, 8510, 20021, 8510],
[11814, 11814, 11516, 11512],
[20018, 15612, 20021, 20020],
[8814, 20026, 14519, 20014],
[20017, 20006, 16616, 20018],
[20016, 20014, 11815, 20024],
[12511, 20014, 17019, 20024],
[5802, 5814, 20030, 20026],
[10004, 20018, 15716, 20022],
[20014, 20021, 20004, 20015],
[20022, 11117, 20023, 11108],
[16615, 20011, 17019, 20007],
[20016, 20014, 20005, 20011],
[20021, 12613, 14016, 20020],
[20018, 14418, 6712, 20014],
[14312, 6708, 14206, 14219],
[2703, 17621, 2703, 17623],
[20004, 20025, 7211, 20022],
[18319, 8213, 20025, 20021],
[20023, 20022, 8410, 20009],
[16616, 20026, 14611, 20021],
[10811, 18319, 10812, 18422],
[16514, 16517, 16619, 8114],
[19824, 14018, 9511, 19824],
[7211, 20020, 18720, 20020],
[12616, 19726, 7113, 19622],
[20020, 20018, 14517, 20004],
[13120, 13220, 13117, 7311],
[20002, 20015, 20010, 20018],
[14419, 5408, 14423, 5410],
[20026, 15516, 6506, 20022],
[20019, 20011, 20016, 20006],
[20008, 4610, 20022, 20022],
[15319, 20025, 12810, 20021],
[20020, 20017, 20014, 20018],
[16020, 16415, 8111, 16420],
[8211, 8112, 6612, 8109],
[11803, 20028, 20017, 11814],
[20006, 20017, 19119, 20013],
[12717, 12715, 10112, 12818],
[11017, 11009, 15714, 15820],
[13414, 8509, 15821, 15821],
[15118, 12714, 17717, 17819],
[20015, 20019, 20019, 20004],
[10412, 20026, 11016, 20022],
[11516, 18121, 18116, 16020],
[10910, 15422, 20023, 20016],
[20022, 10605, 20027, 10615],
[16715, 16714, 8409, 16823],
[19617, 18413, 19616, 18403],
[13316, 19217, 14710, 19323],
[16813, 10913, 20020, 20023],
[13716, 12414, 13712, 13819],
[20019, 7910, 20024, 7911],
[11115, 20022, 15322, 20016],
[20014, 11511, 20005, 20018],
[20015, 20014, 20003, 20017],
[7809, 19421, 7808, 19425],
[11011, 16524, 16517, 4609],
[10409, 9112, 17523, 17622],
[18512, 3009, 16618, 18623],
[14119, 14016, 5610, 14012],
[20019, 20021, 20008, 8415],
[20020, 20023, 17719, 4009],
[20005, 20019, 20017, 20008],
[10515, 17319, 17213, 17215],
[20016, 20024, 12716, 12503],
[20023, 11614, 10108, 20019],
[14516, 20021, 17614, 20009],
[9814, 9916, 8607, 9811],
[6511, 15724, 15723, 6506],
[11719, 11614, 11615, 9411],
[13516, 11514, 13516, 11511],
[15821, 11517, 4907, 15817],
[20025, 20022, 3507, 3504],
[9511, 9115, 15214, 15223],
[20017, 20018, 9112, 20016],
[20019, 20015, 16321, 6412],
[17919, 20023, 20019, 15716],
[7009, 16025, 10015, 16019],
[12310, 20004, 20015, 20021],
[14619, 9611, 14517, 14517],
[20011, 20017, 20004, 20015],
[16113, 7511, 16121, 16217],
[18518, 18622, 6707, 18517],
[4907, 20017, 13921, 20025],
[15822, 15719, 11808, 11813],
[12214, 12317, 12213, 2305],
[15819, 14613, 20022, 20020],
[9115, 20022, 20027, 9313],
[10509, 20026, 10412, 20028],
[7710, 18916, 20011, 20021],
[20016, 20018, 15116, 20010],
[12619, 7611, 12616, 7610],
[18424, 18423, 11210, 14113],
[20019, 20023, 17309, 20004],
[17116, 18623, 18521, 11408],
[10110, 13116, 13816, 13922],
[20022, 12417, 16914, 20020],
[15324, 5707, 15323, 5709],
[20018, 16415, 20011, 16410],
[20022, 20026, 6811, 6812],
[902, 19929, 901, 19922],
[20018, 20026, 8713, 8708],
[9912, 10017, 8502, 9911],
[12916, 11416, 12916, 11410],
[20020, 15813, 20017, 18015],
[20020, 20016, 8108, 20017],
[17720, 17718, 12212, 17816],
[20021, 3707, 6808, 20020],
[14813, 14804, 20017, 20025],
[7209, 16915, 20018, 20023],
[19027, 19026, 4809, 4808],
[20024, 12203, 12212, 20022],
[5812, 18627, 18622, 5808],
[1706, 15217, 1705, 15224],
[20007, 20023, 16820, 8314],
[20020, 3204, 20029, 3204],
[12211, 20016, 20022, 20004],
[3408, 3406, 14422, 14422],
[20019, 16017, 20016, 20017],
[14516, 20014, 16018, 20025],
[7314, 12414, 12411, 12519],
[20022, 17214, 16812, 20023],
[20024, 12812, 9516, 20016],
[10612, 20027, 10311, 20021],
[20009, 20021, 20014, 17115],
[20019, 20018, 20015, 20004],
[15619, 15615, 14917, 9513],
[16118, 12114, 16221, 12109],
[18903, 20017, 18916, 20012],
[20019, 20004, 20017, 20012],
[20022, 11916, 20028, 8618],
[13510, 20017, 18120, 20024],
[19119, 19121, 12616, 19119],
[20019, 20006, 13614, 20019],
[7411, 6709, 7411, 6712],
[12313, 7710, 10415, 12320],
[14319, 8611, 14217, 14218],
[12111, 20020, 20023, 20017],
[13213, 17224, 17221, 13213],
[9414, 9412, 15616, 15621],
[5706, 5709, 20027, 20021],
[20017, 20018, 20015, 19319],
[20018, 20013, 20022, 12809],
[1704, 1702, 17428, 17420],
[20020, 20005, 6310, 20013],
[10614, 10717, 9114, 10616],
[12614, 10909, 15517, 15523],
[16212, 16320, 8811, 16214],
[15417, 15416, 8107, 15523],
[16508, 20023, 16514, 20018],
[6212, 20020, 6212, 20023],
[15905, 20021, 20017, 20014],
[16618, 20020, 20004, 20013],
[3505, 3509, 16821, 16821],
[8012, 19423, 19528, 8010],
[20023, 8615, 8613, 20024],
[15312, 20026, 20021, 17116],
[20024, 11114, 20014, 20017],
[18511, 20011, 20020, 20017],
[20005, 20014, 20014, 20018],
[20013, 20004, 20019, 20018],
[20016, 20014, 20012, 20018],
[11309, 20025, 11311, 20022],
[14709, 20023, 18115, 20017],
[20014, 18719, 10111, 20020],
[10512, 20018, 15020, 20024],
[20021, 10313, 10314, 20019],
[20010, 20019, 20021, 16318],
[5510, 20029, 5506, 20024],
[20019, 20015, 20015, 13616],
[13018, 12918, 6809, 12915],
[12211, 14721, 14615, 12209],
[13805, 13814, 13013, 13015],
[11215, 11112, 9013, 11114],
[20020, 20007, 6613, 20018],
[20022, 20019, 9008, 9010],
[20020, 13916, 13906, 20019],
[20019, 7611, 13920, 20023],
[15620, 15620, 12712, 12811],
[20019, 16617, 11410, 20023],
[20023, 20010, 20015, 20009],
[15615, 20022, 20014, 15615],
[20014, 20011, 20019, 17216],
[17225, 17222, 7513, 7511],
[20016, 18512, 20022, 18513],
[9211, 12415, 20027, 20022],
[13817, 20025, 13817, 20020],
[11615, 11614, 7710, 11718],
[15120, 11416, 15015, 15016],
[19926, 19920, 14814, 7513],
[14514, 15312, 15421, 15316],
[20016, 20017, 20018, 20004],
[20027, 0, 20027, 0],
[20024, 20022, 14715, 9809],
[20020, 19915, 20018, 20014],
[18327, 18226, 1402, 1403],
[12213, 12213, 17119, 17120],
[20010, 6211, 20020, 20018],
[8212, 16123, 8209, 16123],
[17123, 8515, 17121, 8508],
[20014, 20017, 16616, 20018],
[20019, 20025, 10513, 20013],
[17920, 18021, 12111, 17908],
[15715, 19427, 19421, 8513],
[20010, 20005, 20014, 20017],
[12210, 18419, 17321, 18419],
[20023, 15618, 7811, 20020],
[18603, 18615, 20011, 20017],
[11714, 20026, 8309, 20022],
[13512, 17622, 17619, 13514],
[20025, 11015, 20022, 11017],
[2604, 17826, 17725, 2606],
[19212, 18413, 19212, 19317],
[15613, 6409, 20026, 20025],
[17818, 17923, 10510, 17818],
[20018, 8711, 16915, 20022],
[7212, 3405, 3407, 7212],
[1404, 1403, 13916, 14020],
[8608, 20020, 8606, 20025],
[20008, 20017, 20009, 20013],
[20021, 20016, 7711, 16518],
[20017, 20013, 18518, 20016],
[20022, 12816, 18514, 20014],
[6909, 16617, 16618, 16723],
[20013, 20021, 20020, 13216],
[20022, 6409, 16424, 20020],
[9615, 20024, 9608, 20021],
[20014, 16314, 20021, 17815],
[20017, 20026, 8311, 7212],
[20020, 20015, 20017, 20017],
[11315, 16920, 16819, 16817],
[20004, 20020, 19514, 20013],
[15814, 12614, 13716, 15820],
[20018, 16219, 12513, 20022],
[12108, 12213, 9309, 12117],
[15316, 10710, 15315, 15419],
[18016, 20025, 11914, 20022],
[20020, 20013, 7012, 20005],
[9211, 20028, 9211, 20020],
[9512, 9612, 9516, 9509],
[3509, 3507, 17524, 17524],
[10514, 17017, 17015, 17122],
[3207, 15727, 15621, 3206],
[20022, 16014, 20023, 16005],
[20023, 20028, 9909, 13115],
[12012, 12013, 15014, 15021],
[19019, 12415, 19122, 12403],
[20022, 11216, 20023, 19314],
[20012, 16217, 20017, 20014],
[3206, 3209, 20022, 20021],
[10514, 19122, 10509, 19122],
[16013, 12214, 16120, 16013],
[16515, 20019, 20011, 20020],
[12222, 1703, 12218, 1703],
[20023, 14817, 8813, 20019],
[5406, 5410, 20026, 20021],
[1203, 1202, 16125, 16125],
[16419, 12810, 16419, 12817],
[20018, 20019, 8117, 20015],
[12809, 20025, 12811, 20023],
[18621, 18513, 11915, 18519],
[19512, 20018, 20006, 20018],
[20022, 20020, 8113, 13614],
[12910, 13015, 4708, 13120],
[20012, 12711, 14223, 20022],
[20021, 20022, 13410, 14618],
[20015, 20024, 13711, 20016],
[5106, 20023, 20027, 5110],
[19120, 9413, 19120, 16914],
[20013, 20018, 16216, 20004],
[16422, 16420, 13109, 13414],
[19824, 5509, 5506, 19927],
[8712, 13716, 13609, 13613],
[12109, 18819, 18816, 18917],
[18318, 16219, 5308, 18318],
[6609, 6608, 11716, 11718],
[20022, 20023, 20016, 7409],
[11313, 20024, 20027, 11314],
[9716, 9713, 18118, 18121],
[6708, 6713, 19225, 19122],
[20013, 16520, 20014, 20018],
[19816, 20024, 20022, 11210],
[17719, 17822, 10914, 17719],
[3507, 20028, 3505, 20028],
[19522, 14304, 16818, 19516],
[20014, 20024, 20026, 12109],
[20002, 20017, 8913, 20020],
[12613, 20020, 18017, 20017],
[20016, 20020, 13314, 20018],
[7410, 18119, 10711, 18223],
[20019, 20024, 12409, 18720],
[20014, 20015, 20013, 20018],
[20020, 12412, 16815, 20018],
[20016, 17212, 20010, 20018],
[20019, 19220, 20021, 13502],
[7111, 20021, 13410, 20024],
[16114, 12113, 19523, 19525],
[4907, 4905, 19425, 19527],
[20022, 20015, 20006, 20005],
[15214, 15216, 15321, 7912],
[7008, 7011, 18723, 18827],
[20022, 12911, 20023, 12915],
[20012, 20016, 8814, 20021],
[12717, 7211, 17620, 17622],
[19019, 11115, 7719, 19018],
[10009, 20019, 20018, 20021],
[20020, 20006, 20024, 11413],
[20018, 20005, 12916, 20015],
[20018, 11817, 20023, 13517],
[14218, 14115, 6714, 14115],
[8908, 8911, 20027, 20026],
[17019, 20017, 20020, 20017],
[16822, 4408, 4408, 16822],
[20024, 8013, 20022, 8004],
[14211, 20006, 20015, 20019],
[18026, 1703, 17927, 1703],
[8409, 8409, 7313, 7314],
[20006, 20018, 20017, 20014],
[20020, 15612, 15608, 20026],
[20024, 7912, 18015, 20021],
[17018, 20025, 10312, 20012],
[12215, 12212, 15713, 15722],
[17416, 20010, 20020, 20023],
[12216, 6414, 12210, 6407],
[13619, 7711, 13517, 7710],
[1803, 1805, 18933, 18822],
[20016, 20019, 10808, 20010],
[7810, 7808, 20026, 20023],
[20022, 11614, 8712, 20021],
[7111, 19321, 19425, 7111],
[12815, 20024, 20025, 8509],
[18622, 20023, 7711, 20011],
[9411, 20023, 20008, 18718],
[20024, 20025, 9611, 9614],
[15918, 7609, 15904, 16013],
[10515, 8913, 10617, 10511],
[11719, 11617, 11613, 8411],
[1803, 1802, 16917, 16927],
[7009, 7913, 7810, 7811],
[18415, 20019, 20004, 20017],
[20005, 20014, 20016, 20019],
[20020, 7610, 20006, 20015],
[3305, 14721, 3307, 14721],
[20011, 20020, 20017, 20006],
[20018, 20019, 20006, 11610],
[5109, 8012, 5107, 8012],
[20023, 20020, 16319, 11813],
[3106, 3106, 10611, 10619],
[13011, 10616, 13119, 13013],
[5412, 8313, 5711, 8311],
[15418, 15417, 8304, 15517],
[8313, 20025, 8312, 20017],
[20010, 20007, 20016, 20017],
[16717, 20021, 20017, 16718],
[20021, 12210, 20018, 20007],
[8207, 20021, 16923, 20017],
[20019, 12509, 9307, 20024],
[6303, 20028, 20025, 6312],
[20018, 13619, 20021, 20015],
[11504, 11519, 18921, 18922],
[20010, 20010, 20009, 20022],
[20014, 17315, 7112, 20022],
[20018, 20016, 17603, 20022],
[16616, 16517, 4012, 16516],
[3606, 12718, 3605, 12718],
[13512, 10419, 13618, 13514],
[20016, 20008, 12314, 20013],
[20019, 16715, 20009, 16712],
[20018, 19321, 8806, 20005],
[20006, 20026, 4607, 20025],
[19820, 19820, 16811, 19908],
[12513, 14112, 14119, 12511],
[18317, 18323, 16013, 13715],
[20026, 5709, 8509, 20022],
[2504, 2503, 19726, 19828],
[12612, 13514, 20018, 20024],
[20005, 20011, 15215, 20019],
[20013, 20019, 20004, 20014],
[14316, 15522, 11514, 15522],
[20020, 20021, 13818, 20013],
[10213, 20021, 15816, 20013],
[20016, 15716, 15718, 20019],
[14716, 11013, 14819, 14619],
[12011, 12116, 12017, 6914],
[17014, 20017, 16413, 20020],
[16617, 16609, 20010, 20018],
[20021, 20018, 20004, 20014],
[16124, 5413, 16119, 5408],
[20006, 9915, 20017, 18519],
[11614, 9517, 20026, 20023],
[20020, 20016, 16114, 20019],
[3206, 701, 3206, 702],
[19725, 19622, 16517, 8813],
[20004, 20018, 19011, 20015],
[8707, 9211, 19625, 19520],
[20019, 20022, 15121, 12614],
[20023, 11216, 10216, 20022],
[20004, 20017, 20012, 20015],
[10515, 18113, 18017, 18016],
[20016, 20019, 9111, 20005],
[10813, 10810, 8612, 10919],
[13710, 13720, 11012, 13813],
[16016, 18411, 18319, 18317],
[13513, 13510, 20028, 20024],
[18523, 9614, 18419, 9615],
[20019, 20021, 10909, 19914],
[13320, 13320, 1102, 1104],
[12417, 20014, 20024, 5011],
[20017, 20015, 9311, 20020],
[3105, 18324, 18327, 3103],
[9311, 9311, 8409, 8411],
[20021, 20019, 15413, 20014],
[20020, 5209, 20004, 20015],
[9612, 20027, 9911, 20024],
[13713, 20021, 13714, 20022],
[19019, 20023, 20014, 17212],
[15721, 9312, 15216, 15718],
[20013, 12011, 8210, 20024],
[20012, 16213, 19921, 20018],
[12715, 16514, 16417, 16409],
[13616, 20023, 19313, 20015],
[9013, 18920, 6108, 19025],
[18016, 18021, 15716, 8213],
[20017, 20008, 20019, 19812],
[20025, 8811, 10616, 20024],
[20013, 20019, 12216, 20007],
[9210, 15821, 15819, 13716],
[20018, 20016, 20009, 20017],
[6406, 20028, 6408, 20025],
[10110, 13117, 13117, 10113],
[11318, 11309, 7508, 11418],
[19024, 9510, 9312, 19020],
[20017, 20024, 12820, 7503],
[18520, 1804, 1804, 18624],
[14319, 14218, 8214, 14216],
[19120, 19218, 10810, 19117],
[20020, 20011, 11817, 15818],
[20021, 14015, 11516, 20012],
[8910, 20019, 20021, 20021],
[20020, 20023, 11414, 20006],
[20017, 20021, 12106, 20006],
[13709, 17115, 17719, 17819],
[16919, 7114, 17006, 16917],
[20004, 20018, 20018, 20013],
[20018, 20022, 8311, 20004],
[17619, 17721, 17616, 8910],
[19414, 16419, 20021, 20018],
[17517, 20019, 13317, 20019],
[9911, 20023, 20017, 20009],
[18616, 17319, 8211, 18622],
[11417, 10117, 11318, 9112],
[20021, 20019, 18315, 10113],
[17117, 10414, 17222, 17116],
[18519, 15112, 18415, 18418],
[20007, 20018, 20007, 20014],
[14120, 8511, 8510, 14120],
[20008, 20019, 19016, 19015],
[20029, 20024, 4810, 4806],
[14515, 15616, 13808, 15621],
[15717, 15817, 15720, 8410],
[20016, 20021, 17115, 20015],
[7210, 16810, 16417, 16923],
[14513, 14518, 9208, 14616],
[20009, 7814, 17918, 20020],
[7011, 4104, 7011, 4106],
[20003, 20013, 20014, 20017],
[20020, 20016, 14015, 20006],
[18918, 14617, 18917, 19019],
[20004, 20012, 20018, 20019],
[20021, 20021, 13415, 20021],
[20025, 20022, 10013, 10012],
[20010, 20020, 8715, 20018],
[14421, 4305, 14417, 4311],
[7211, 19725, 19828, 7210],
[20014, 20016, 13016, 20020],
[20011, 20019, 20013, 20010],
[20019, 20023, 4906, 20017],
[12412, 7414, 12516, 12414],
[20018, 20027, 11914, 11904],
[20017, 18717, 20015, 12914],
[12411, 20016, 12414, 20022],
[20020, 10217, 16217, 20010],
[20023, 7411, 20025, 7411],
[16118, 20019, 20017, 16103],
[20015, 20019, 20008, 20002],
[20025, 20024, 6212, 6208],
[18019, 11516, 20016, 20020],
[9009, 19217, 9014, 19324],
[20007, 16216, 20019, 20018],
[20008, 10519, 7409, 20024],
[10115, 16417, 10109, 16421],
[20012, 20005, 20018, 20019],
[20023, 20018, 10811, 20017],
[9714, 20018, 17323, 20022],
[16713, 20017, 16713, 20021],
[20017, 20004, 20014, 20012],
[4307, 14423, 14416, 4307],
[15414, 20020, 11614, 20024],
[20024, 11314, 20024, 18819],
[16312, 20021, 20012, 20016],
[5108, 14424, 14316, 5110],
[19622, 19517, 17704, 17712],
[12110, 16814, 16919, 16818],
[20024, 20025, 9013, 8813],
[15120, 15016, 12714, 15004],
[19719, 20005, 5508, 20020],
[20019, 20016, 20016, 20004],
[20018, 20026, 8311, 16618],
[16415, 16521, 5311, 11714],
[20027, 20026, 8309, 8311],
[20006, 20012, 20017, 20014],
[20018, 16518, 12316, 20020],
[20022, 20021, 10709, 20018],
[11213, 19921, 11215, 20023],
[20004, 17310, 20025, 20021],
[16010, 17011, 16014, 17015],
[7713, 12519, 12519, 7709],
[13813, 20024, 15314, 20005],
[20028, 20028, 401, 402],
[20006, 20009, 20019, 20016],
[10315, 9513, 8911, 10315],
[20016, 20018, 8915, 17320],
[20021, 14112, 14112, 20017],
[19619, 19616, 16617, 14612],
[17215, 18918, 19008, 18917],
[16314, 16419, 11317, 11310],
[18622, 11813, 12709, 18521],
[16823, 8413, 16817, 8411],
[0, 0, 11421, 11421],
[20017, 20017, 16314, 20020],
[14617, 3204, 3205, 14621],
[18326, 10013, 10013, 18322],
[20016, 20017, 14415, 20023],
[19423, 19411, 11111, 19522],
[15617, 8916, 16116, 16213],
[18321, 8214, 13318, 18321],
[5609, 20018, 13620, 20024],
[17618, 20018, 8208, 20022],
[7810, 11017, 7811, 11017],
[10714, 20024, 10709, 20019],
[15918, 15015, 20027, 20008],
[14514, 14513, 11216, 14619],
[14019, 16317, 16314, 16417],
[12912, 12912, 20025, 20017],
[20020, 13518, 18916, 20017],
[8611, 20027, 17216, 20022],
[20010, 13714, 20021, 14318],
[20017, 20016, 20012, 20005],
[20017, 20018, 20020, 9512],
[20025, 20018, 9115, 9103],
[20024, 12319, 15416, 20017],
[20004, 20016, 19309, 20018],
[20007, 20020, 13412, 20020],
[20023, 9719, 6209, 20022],
[15707, 15820, 6909, 15518],
[10313, 20020, 20012, 20013],
[20004, 20010, 17214, 20019],
[20012, 20004, 4006, 20021],
[16417, 12911, 16521, 16407],
[20017, 20022, 9811, 20008],
[14817, 10914, 14918, 14817],
[13804, 9410, 13920, 13818],
[7713, 20025, 7709, 20023],
[20005, 20024, 6307, 19718],
[7210, 20029, 20024, 7210],
[20004, 20019, 14815, 20021],
[9814, 16321, 7112, 16321],
[20026, 20026, 12312, 12307],
[20013, 20018, 7913, 20017],
[20019, 20008, 9714, 20020],
[12615, 12513, 10111, 12513],
[20012, 20023, 20003, 20015],
[19425, 10717, 7411, 19525],
[20018, 13714, 20022, 13714],
[20028, 20028, 7109, 11014],
[17421, 6209, 6212, 17528],
[8912, 13419, 18022, 18022],
[14717, 12818, 8114, 14717],
[14519, 4205, 14524, 4204],
[20021, 20020, 20023, 5209],
[19621, 19727, 10812, 10816],
[20017, 20020, 12611, 20008],
[20020, 20019, 20012, 18514],
[20016, 20015, 20004, 17919],
[9415, 20006, 20018, 20023],
[20016, 20021, 20013, 20012],
[20003, 18417, 20017, 20018],
[20019, 20010, 15017, 14412],
[20007, 18017, 20017, 20018],
[18023, 18022, 8713, 8711],
[11606, 20024, 20026, 16815],
[15919, 15914, 13413, 13413],
[20020, 15103, 20018, 20014],
[7709, 9920, 9913, 7708],
[7908, 11822, 11816, 7908],
[19213, 20020, 20014, 12114],
[18419, 16112, 18320, 11816],
[15715, 20025, 20013, 17214],
[20021, 13713, 20021, 13715],
[14206, 14219, 14311, 13913],
[6107, 17016, 6111, 17121],
[9112, 19222, 19327, 14216],
[17223, 7111, 17124, 7110],
[12919, 20021, 20017, 12914],
[10715, 20023, 10714, 20019],
[6209, 20022, 6210, 20027],
[16721, 10404, 16717, 16816],
[14418, 15114, 5908, 15121],
[14721, 12712, 14719, 14810],
[7013, 18726, 12011, 18615],
[15115, 15222, 9809, 15113],
[10915, 9011, 10916, 11009],
[2104, 2806, 2103, 2806],
[19807, 20022, 12510, 20022],
[20018, 20010, 20012, 18114],
[7213, 20024, 7211, 20023],
[20019, 9507, 20023, 20014],
[20008, 10612, 20019, 20022],
[14117, 9411, 14215, 14115],
[20022, 16615, 9612, 20016],
[13814, 9107, 20026, 20024],
[5507, 11117, 11914, 12017],
[10711, 10711, 20023, 20022],
[20020, 20020, 16210, 16212],
[15111, 13315, 19723, 19723],
[20021, 18219, 20020, 12113],
[7412, 20025, 16318, 20017],
[20013, 18613, 20018, 20021],
[20009, 20003, 20021, 8210],
[10613, 20023, 20025, 10612],
[13513, 20005, 20023, 20017],
[10919, 10915, 6909, 11012],
[10314, 10314, 12511, 12515],
[20018, 11812, 20027, 11809],
[9411, 9409, 20029, 20021],
[20020, 20020, 20026, 8010],
[8616, 12110, 20028, 20019],
[20019, 20013, 20004, 13513],
[14617, 20019, 10508, 20024],
[12509, 12515, 13716, 13719],
[20022, 15817, 15807, 20019],
[17719, 17616, 17616, 12911],
[20018, 16414, 20005, 20019],
[4807, 19124, 19124, 4806],
[20009, 15512, 18018, 20016],
[11211, 20026, 5209, 20016],
[20018, 20020, 13216, 20018],
[12116, 20025, 12114, 20018],
[8612, 8716, 8610, 7307],
[20013, 15017, 20023, 15012],
[15909, 16011, 15919, 15916],
[8010, 20023, 8012, 20027],
[10814, 20013, 20005, 20019],
[15722, 15726, 5007, 5007],
[20025, 20021, 7408, 12917],
[20018, 16710, 16616, 20009],
[19924, 12011, 20026, 12013],
[17318, 17319, 9813, 15722],
[12712, 20021, 20021, 12713],
[13010, 20022, 15615, 20022],
[7211, 3608, 3607, 7211],
[20019, 16509, 20014, 20022],
[14617, 20013, 14615, 20021],
[16725, 5508, 16721, 5509],
[14509, 14517, 11215, 14614],
[11010, 20024, 20022, 11013],
[20020, 20010, 15114, 20021],
[18317, 18318, 11416, 18411],
[13812, 13719, 6209, 13717],
[15821, 10812, 15819, 10813],
[20019, 11111, 20021, 20023],
[7908, 12214, 12213, 12317],
[8904, 18923, 18823, 8912],
[20022, 20018, 13318, 13310],
[20015, 17011, 16716, 20020],
[20020, 20029, 8713, 8709],
[5206, 5211, 20030, 20029],
[16112, 16113, 11114, 16219],
[19924, 19814, 7311, 19819],
[17024, 9115, 17020, 9112],
[13014, 20021, 19626, 20004],
[20024, 20025, 16216, 6910],
[19218, 19222, 11610, 13517],
[18422, 18530, 12614, 9411],
[14415, 17618, 12315, 17619],
[20016, 20004, 20015, 20016],
[20020, 20016, 9716, 20022],
[3306, 3306, 16226, 16324],
[6409, 8211, 8112, 8214],
[18727, 18619, 7110, 7113],
[5406, 20012, 20021, 20022],
[20017, 20015, 20004, 20012],
[13716, 13818, 13311, 13712],
[8912, 8913, 16917, 17021],
[18123, 7512, 18023, 7508],
[20027, 20022, 13916, 11211],
[17715, 20020, 20015, 20005],
[13118, 11812, 13015, 11813],
[19420, 10314, 19418, 10312],
[11212, 20021, 20024, 11211],
[20004, 20013, 20009, 20015],
[17411, 17417, 12516, 8213],
[20019, 10516, 20016, 20012],
[20025, 7111, 20024, 7109],
[10311, 10513, 20026, 20021],
[18411, 20019, 13215, 20023],
[20021, 13112, 20027, 8610],
[20018, 20012, 20014, 20018],
[19021, 11412, 19019, 19119],
[7008, 20030, 7014, 20026],
[8811, 20025, 20022, 8803],
[13714, 17520, 17422, 13710],
[20022, 20022, 11514, 14513],
[20017, 20021, 20017, 19915],
[20008, 20018, 11912, 20022],
[19818, 19819, 10610, 10613],
[20010, 20018, 7706, 20022],
[20016, 9316, 20024, 9310],
[18320, 10207, 10711, 18326],
[20004, 20021, 20019, 18215],
[20018, 12718, 20027, 15411],
[11712, 20019, 20004, 20021],
[13811, 20022, 20026, 13811],
[20022, 10915, 10914, 20026],
[15316, 20021, 8709, 20022],
[15316, 20024, 15312, 20013],
[17820, 8409, 8410, 17924],
[15319, 8311, 20020, 20024],
[19314, 19419, 11803, 19317],
[13421, 8708, 13417, 8712],
[8813, 12618, 20024, 20022],
[20021, 20019, 20019, 9315],
[14514, 11413, 9610, 14516],
[20012, 20020, 20015, 8815],
[20011, 7016, 20024, 16718],
[20005, 17016, 20023, 16311],
[9911, 14515, 14619, 14516],
[20020, 12113, 20018, 20020],
[18518, 20019, 12711, 20016],
[20010, 14110, 18915, 20020],
[20013, 20021, 8814, 20004],
[20021, 20022, 6109, 16713],
[9612, 20016, 8510, 20025],
[15416, 20020, 20023, 11812],
[20020, 11916, 20025, 6108],
[16519, 16621, 16517, 9312],
[16719, 20026, 20022, 7712],
[17421, 17417, 17521, 10116],
[20019, 20016, 6909, 20020],
[16614, 16720, 9011, 11818],
[20025, 4607, 4605, 20024],
[3908, 3906, 18525, 18619],
[20021, 17009, 19621, 20012],
[19821, 20016, 20007, 20015],
[13213, 12311, 12714, 13213],
[20006, 20018, 4609, 20022],
[10214, 15514, 15617, 15517],
[20012, 19907, 20019, 20006],
[20021, 12713, 20020, 20018],
[20019, 20014, 13008, 20023],
[7113, 19824, 7110, 19824],
[13413, 13519, 13414, 5406],
[5111, 20026, 20030, 5109],
[1804, 1803, 20030, 20024],
[12515, 20021, 15020, 20013],
[20016, 7011, 20023, 20021],
[20020, 10310, 20023, 18816],
[7404, 9016, 8917, 7409],
[20019, 13314, 20008, 20020],
[9315, 20022, 17418, 20011],
[20025, 0, 0, 20024],
[20020, 20012, 12515, 20005],
[19521, 12604, 17516, 19518],
[7612, 20024, 9514, 20023],
[12815, 16925, 6209, 16918],
[10511, 20024, 16019, 20018],
[11115, 20004, 20022, 20019],
[20019, 12113, 12116, 20018],
[7810, 14123, 14115, 7813],
[2805, 2907, 2803, 2807],
[16923, 16918, 7909, 7913],
[20004, 20020, 16416, 20013],
[13715, 20019, 20016, 20006],
[20011, 12811, 13916, 20022],
[10912, 20023, 20019, 20018],
[16519, 15713, 7612, 16619],
[9913, 16520, 16412, 16419],
[20012, 20016, 20002, 20012],
[18821, 14909, 18819, 14919],
[17613, 17621, 20007, 20019],
[13418, 10810, 13413, 13518],
[11706, 7407, 11620, 11619],
[20025, 11114, 11115, 20022],
[10717, 20021, 7210, 20029],
[4605, 4607, 20023, 20027],
[10511, 13212, 13211, 13319],
[20018, 20012, 9616, 12312],
[17922, 8614, 17921, 8610],
[20006, 20010, 20019, 20014],
[20015, 20022, 16716, 20009],
[20015, 20022, 14005, 20023],
[18120, 18115, 18217, 7010],
[20024, 6809, 20021, 16313],
[19621, 11813, 19515, 19518],
[16818, 16711, 16716, 12211],
[8314, 8313, 3907, 8415],
[20020, 20016, 12407, 20021],
[20005, 20020, 20006, 20012],
[11811, 14316, 20026, 20021],
[7306, 7315, 20032, 20025],
[2501, 20027, 2507, 20025],
[16615, 20015, 20023, 18119],
[20018, 20006, 7713, 20021],
[20020, 20025, 10416, 13116],
[13616, 20024, 7811, 20024],
[8811, 20021, 20026, 9214],
[14416, 18825, 18720, 8612],
[20016, 20007, 5711, 20021],
[20018, 13612, 20005, 20022],
[14714, 14720, 14816, 10414],
[18319, 4308, 20023, 20014],
[20015, 16718, 7513, 20024],
[20015, 20024, 10712, 20004],
[18315, 12512, 12513, 18425],
[15620, 6111, 15514, 11914],
[20011, 14314, 20020, 20016],
[15616, 15719, 15614, 11614],
[18716, 20019, 13318, 20006],
[16415, 13715, 16414, 16521],
[10215, 10213, 18219, 18222],
[8112, 8113, 20026, 20024],
[20006, 15718, 20020, 20019],
[13419, 20021, 6606, 20019],
[12514, 20006, 20020, 20016],
[11015, 12617, 12613, 11002],
[6409, 10618, 10618, 6408],
[20017, 20022, 20015, 10713],
[12610, 19019, 18919, 18921],
[20021, 10918, 20019, 20015],
[20017, 18414, 20018, 20014],
[16314, 20022, 7212, 20011],
[8413, 10220, 10212, 8403],
[20005, 20007, 20018, 20019],
[17810, 20020, 20017, 17810],
[14515, 19419, 19422, 17216],
[20019, 20025, 12618, 10504],
[2604, 15926, 2604, 16022],
[20010, 20017, 20018, 20011],
[20014, 20012, 20019, 20015],
[20019, 11717, 20019, 20018],
[20023, 18817, 14210, 20013],
[20019, 20023, 12513, 20023],
[12811, 20025, 12819, 20019],
[19209, 20015, 20018, 20014],
[20021, 8714, 20016, 18614],
[20022, 8509, 14017, 20021],
[17618, 20004, 20018, 20012],
[19323, 13712, 19218, 13715],
[12015, 19212, 20023, 20008],
[19825, 19724, 1704, 1703],
[20021, 9911, 9911, 20025],
[3808, 20027, 3805, 20020],
[20026, 20024, 10214, 10204],
[17913, 17816, 16212, 17814],
[20005, 20015, 20019, 20019],
[20017, 16208, 20022, 16211],
[16421, 9213, 16421, 9211],
[19220, 9010, 19316, 19215],
[20021, 20019, 15516, 15517],
[8907, 10114, 9613, 10114],
[9615, 9512, 8012, 9513],
[20014, 20020, 16914, 20010],
[20019, 20004, 20016, 15117],
[20020, 11012, 12014, 20016],
[8909, 11216, 11316, 11210],
[20018, 20006, 10515, 20018],
[15321, 4308, 15220, 4307],
[19424, 8014, 8013, 19417],
[17922, 17919, 7012, 7006],
[19720, 19617, 19522, 10311],
[12618, 12715, 10615, 12616],
[9411, 15916, 16119, 16120],
[20019, 5410, 20017, 20021],
[10412, 20024, 20011, 20017],
[20025, 20022, 9614, 11716],
[16114, 20018, 11817, 20022],
[18715, 20003, 20018, 20017],
[20020, 12312, 20020, 20013],
[15013, 20015, 9214, 20021],
[13013, 20025, 20018, 13016],
[20019, 20004, 20019, 20020],
[12817, 16520, 16417, 12714],
[12013, 20025, 20024, 15315],
[20011, 20018, 20017, 20009],
[13714, 19927, 10811, 20027],
[20019, 20019, 16211, 20005],
[20019, 20016, 20012, 16505],
[8914, 19326, 11114, 19226],
[20013, 20018, 12816, 20016],
[20021, 20024, 7815, 7813],
[20016, 20027, 15613, 13314],
[20023, 20019, 11213, 11215],
[6009, 5907, 6008, 6110],
[20023, 14411, 20012, 20017],
[19021, 19117, 13318, 19005],
[20022, 20025, 9510, 17419],
[10312, 15413, 15522, 15416],
[17116, 20020, 15015, 20020],
[13211, 20021, 16918, 20015],
[8809, 20027, 8809, 20025],
[16303, 20017, 18217, 20019],
[12612, 12613, 15218, 15218],
[12518, 17516, 7409, 17516],
[12115, 20023, 20013, 12113],
[13517, 7111, 18016, 18123],
[14319, 14321, 7210, 7513],
[20021, 20019, 11710, 20006],
[20013, 15614, 14713, 20023],
[20024, 20010, 9420, 19619],
[13417, 20026, 20020, 10510],
[13220, 2203, 13119, 2203],
[20023, 8509, 20024, 8510],
[9412, 9509, 8509, 9412],
[20018, 20004, 20017, 20013],
[20016, 20015, 9714, 20022],
[20022, 17413, 12503, 20020],
[20021, 15012, 16920, 20026],
[20019, 20024, 9011, 10015],
[20010, 20023, 20018, 6512],
[20019, 20004, 9013, 20016],
[18916, 19028, 9815, 13012],
[19320, 9711, 19324, 12617],
[20014, 19018, 10716, 20017],
[20019, 17917, 10214, 20017],
[20013, 20016, 9413, 20021],
[17917, 17815, 12615, 17814],
[20011, 20019, 20016, 20016],
[20025, 20027, 6609, 6607],
[20016, 19617, 15717, 20004],
[20027, 20019, 6509, 6508],
[20006, 10109, 16518, 20021],
[20021, 18210, 20017, 12020],
[13817, 10608, 13716, 10610],
[13520, 6515, 13518, 6507],
[17114, 20019, 20012, 20006],
[18212, 9511, 18221, 18317],
[17121, 17216, 9113, 17119],
[11414, 11415, 8409, 11518],
[17315, 12512, 20017, 20024],
[16525, 11514, 16520, 4108],
[11715, 20020, 20013, 20003],
[10511, 8012, 20016, 20025],
[20017, 11013, 20024, 20011],
[8612, 20018, 20020, 19820],
[5509, 16626, 16516, 5505],
[20004, 20013, 20019, 20009],
[20019, 12712, 16818, 20006],
[17407, 17511, 17219, 17418],
[12419, 1503, 12317, 1503],
[8508, 20025, 12720, 20024],
[14920, 16121, 16116, 11613],
[12112, 20026, 15317, 20018],
[8814, 18324, 8812, 18322],
[20024, 20023, 5010, 5007],
[20025, 20020, 10313, 20019],
[18828, 13213, 18724, 11512],
[20017, 20022, 16516, 14302],
[17715, 17716, 16318, 17814],
[18817, 8310, 12919, 18825],
[12412, 20018, 20023, 15315],
[20018, 20022, 8110, 20006],
[12416, 17615, 16720, 17726],
[15121, 15217, 10215, 15220],
[13215, 13215, 7814, 11616],
[20021, 13612, 20017, 20005],
[12412, 20019, 19420, 20005],
[20006, 20017, 20007, 20013],
[16518, 16815, 18212, 18212],
[9008, 20023, 20026, 9014],
[16515, 20023, 20015, 16504],
[14811, 16318, 20017, 20019],
[18511, 7915, 20022, 20016],
[7013, 7013, 2503, 2504],
[15319, 8811, 15309, 15417],
[20004, 11813, 20018, 20022],
[20017, 9109, 9115, 20026],
[3706, 20021, 3707, 20024],
[19421, 19425, 10911, 16209],
[20011, 20005, 17810, 20018],
[20016, 20019, 12415, 20018],
[15620, 6611, 20027, 20023],
[20003, 20015, 20018, 20013],
[19428, 5306, 19325, 5307],
[18520, 7511, 20021, 20020],
[5006, 5010, 20027, 20019],
[20007, 20024, 20018, 16218],
[5910, 14019, 14125, 5906],
[7615, 7610, 20023, 20026],
[14117, 14014, 14014, 9711],
[19808, 20018, 20023, 20017],
[20003, 20016, 20018, 20011],
[20023, 20015, 20014, 20017],
[14516, 8912, 20024, 20016],
[20022, 20015, 9811, 20020],
[10213, 10210, 13217, 13217],
[20016, 20004, 20011, 20017],
[19623, 19623, 15414, 13113],
[18021, 11615, 14415, 18018],
[20019, 20023, 10613, 13114],
[16818, 20019, 11711, 20018],
[10509, 20020, 20021, 20016],
[12112, 20020, 20023, 20015],
[11310, 13121, 8910, 13118],
[20026, 12017, 20022, 12011],
[9415, 9518, 9409, 8911],
[10008, 20026, 20021, 10009],
[20008, 16216, 20020, 20018],
[20028, 5307, 5305, 20025],
[4704, 16723, 16724, 4709],
[17217, 17216, 6514, 6511],
[20030, 20026, 13918, 5607],
[20023, 20019, 10213, 19715],
[5408, 15014, 15122, 14821],
[20016, 20020, 20009, 16820],
[12212, 20028, 20028, 12211],
[18520, 18622, 18518, 9710],
[12808, 20019, 20020, 20020],
[302, 20030, 302, 20026],
[20024, 20026, 6514, 15116],
[20003, 20014, 20017, 20017],
[11215, 11320, 11213, 8210],
[13614, 13512, 13511, 13019],
[20023, 7110, 7211, 20021],
[11113, 20021, 19020, 20018],
[13114, 20013, 13112, 20022],
[17109, 20010, 17115, 20020],
[17918, 20018, 20019, 20005],
[20020, 13816, 18719, 20017],
[20022, 12412, 20019, 20019],
[14913, 20021, 20024, 14914],
[20021, 20017, 7611, 16119],
[11116, 15921, 15819, 11113],
[11015, 20020, 11010, 20026],
[20025, 20023, 1703, 1703],
[1805, 20023, 1804, 20029],
[6909, 14018, 6909, 14022],
[3507, 5910, 3504, 5910],
[4307, 4305, 15321, 15323],
[10611, 8913, 10619, 8908],
[15814, 20018, 20013, 20023],
[20015, 20021, 7109, 20017],
[6107, 18524, 6109, 18523],
[19323, 11215, 11213, 19314],
[18021, 2407, 17923, 12216],
[10310, 19720, 19720, 16619],
[12512, 20022, 11011, 20026],
[19217, 20018, 20017, 20004],
[20022, 20019, 11911, 20010],
[20016, 20021, 12416, 20016],
[20015, 20018, 16515, 16503],
[14112, 8915, 14110, 14217],
[14519, 18823, 18823, 12914],
[14817, 10214, 14815, 14921],
[20020, 20004, 17221, 20012],
[20018, 20015, 12809, 20017],
[20016, 20025, 14013, 11713],
[20020, 20023, 12216, 18706],
[12718, 5911, 13014, 13017],
[19417, 6012, 20025, 20020],
[20019, 20004, 20016, 18416],
[13412, 13318, 8613, 13317],
[13518, 13417, 13414, 11013],
[16618, 20011, 20017, 20018],
[16818, 20016, 7711, 20025],
[9515, 20024, 13219, 20021],
[9012, 10513, 10416, 10413],
[17020, 10813, 17020, 10814],
[14718, 14714, 6708, 14821],
[20015, 9714, 20024, 9711],
[13912, 20023, 8111, 20021],
[20006, 20018, 20015, 20009],
[16316, 14611, 18219, 18320],
[20018, 20021, 15719, 20016],
[12715, 20021, 20011, 20018],
[18419, 8813, 18313, 18315],
[20016, 20018, 20004, 20014],
[20004, 20014, 8511, 20021],
[19522, 19622, 6307, 19511],
[6408, 7213, 6407, 7213],
[20006, 20018, 13714, 20018],
[13515, 6501, 13622, 13513],
[12313, 12211, 5709, 12220],
[20021, 20019, 20020, 20006],
[20020, 16313, 20016, 15615],
[15819, 15718, 15511, 15711],
[11013, 10717, 11112, 11009],
[20020, 18720, 12514, 20021],
[16011, 12914, 16018, 16116],
[16310, 20009, 16315, 20021],
[6710, 20024, 6713, 20020],
[20018, 20021, 20016, 12517],
[18224, 5912, 18329, 5906],
[17517, 17412, 16310, 17418],
[10712, 10813, 10716, 8013],
[12316, 20024, 6311, 20021],
[15717, 15725, 11003, 11013],
[20022, 13311, 20025, 13313],
[13115, 20026, 20024, 9110],
[20022, 15016, 10114, 20020],
[20022, 6809, 12518, 20020],
[20022, 20016, 6112, 20022],
[14520, 9115, 14418, 13113],
[11914, 19021, 20025, 20023],
[20014, 18120, 9810, 20020],
[18416, 18319, 15916, 18320],
[20006, 20018, 20004, 20009],
[12015, 12117, 12013, 8412],
[19823, 20007, 9612, 20020],
[12313, 19526, 12317, 19418],
[17917, 19723, 10309, 19619],
[3107, 3106, 11020, 11020],
[20016, 8912, 12511, 20026],
[20022, 12713, 20024, 12708],
[19124, 7910, 19224, 7911],
[20010, 19524, 7009, 20022],
[20022, 20021, 8611, 20014],
[20008, 18017, 20023, 20013],
[15421, 15324, 8810, 8809],
[20014, 20014, 20008, 20016],
[13414, 20019, 20011, 20015],
[12919, 11413, 12815, 12816],
[20022, 20020, 14613, 20020],
[18011, 20019, 18006, 20016],
[10912, 20022, 10914, 20024],
[14917, 17619, 17620, 14004],
[20014, 20016, 7309, 20021],
[20023, 20024, 13616, 15120],
[20017, 10514, 10512, 20023],
[20014, 20020, 20017, 16114],
[11813, 20020, 16919, 20023],
[11014, 11014, 8909, 8912],
[20022, 12914, 13015, 20021],
[20025, 18614, 8212, 20027],
[20015, 20024, 12819, 12810],
[20017, 20004, 19413, 19415],
[20021, 20019, 10210, 10211],
[20021, 19422, 11212, 20024],
[20013, 13913, 17717, 20019],
[20022, 20021, 9812, 20022],
[6812, 14725, 6812, 14617],
[20019, 20021, 12611, 20019],
[20021, 20020, 9516, 20023],
[20020, 12019, 15413, 20017],
[8611, 20017, 20013, 20021],
[13416, 6308, 13417, 13522],
[20008, 20019, 20013, 17814],
[4809, 20026, 4810, 20024],
[7412, 4405, 7412, 4406],
[20025, 10617, 20026, 4907],
[20023, 10109, 10110, 20022],
[18603, 20021, 20019, 20013],
[1003, 16324, 16220, 1002],
[10510, 20027, 20021, 10508],
[7609, 7614, 14516, 14519],
[16614, 19525, 11412, 19523],
[20025, 6209, 20022, 17611],
[20023, 1604, 20028, 1603],
[16617, 9209, 16622, 9211],
[12614, 12808, 12915, 12812],
[15813, 15717, 10811, 15717],
[16422, 9101, 10415, 16519],
[20019, 20017, 20017, 20002],
[20017, 14011, 20020, 20005],
[20024, 15119, 9206, 20013],
[16115, 16218, 16115, 12112],
[20021, 20017, 12011, 20016],
[20006, 20021, 20014, 15012],
[20021, 15911, 10514, 20020],
[20022, 20022, 6308, 20012],
[20003, 20018, 20011, 20017],
[20025, 6612, 20023, 6611],
[19917, 19906, 20017, 20016],
[12007, 12814, 12814, 12014],
[20008, 20015, 20019, 20005],
[20019, 13112, 20009, 20019],
[7810, 20027, 13313, 20021],
[11715, 11616, 11810, 11713],
[6511, 20023, 6510, 20025],
[20019, 20024, 3607, 18406],
[8508, 20023, 11519, 20018],
[18427, 18424, 9813, 9013],
[8310, 20029, 8309, 19926],
[20025, 10215, 20022, 10204],
[20019, 20026, 17413, 16412],
[15107, 17819, 15108, 17819],
[17219, 17318, 17215, 12313],
[20021, 16218, 4508, 20008],
[11913, 18920, 18920, 11916],
[20023, 20021, 14409, 14410],
[20022, 8610, 13416, 20017],
[20020, 11012, 20009, 20019],
[20025, 0, 0, 20019],
[15817, 20014, 19916, 20017],
[14315, 14422, 14310, 7114],
[18615, 20023, 5412, 20019],
[7404, 20022, 7414, 20023],
[20019, 14916, 17615, 20013],
[15917, 15922, 10109, 10111],
[8210, 14418, 14521, 14412],
[19323, 16316, 19318, 9310],
[18105, 20019, 20016, 18111],
[16015, 20022, 20020, 12713],
[20016, 20020, 20019, 14414],
[13214, 13113, 12614, 13118],
[13308, 15320, 15221, 15204],
[20020, 11915, 20015, 20018],
[18707, 19519, 19619, 19515],
[15318, 20025, 9411, 20021],
[19723, 8110, 8111, 19623],
[20020, 20011, 20014, 20004],
[20019, 19616, 8713, 20019],
[15224, 15121, 3108, 3105],
[13410, 20020, 19313, 20022],
[14104, 14021, 7511, 14019],
[20016, 14117, 20022, 14110],
[16817, 12210, 20021, 20013],
[18514, 18618, 14712, 18514],
[5209, 5208, 20027, 20025],
[20022, 20020, 15917, 7510],
[15316, 15417, 12314, 15318],
[20014, 20026, 11511, 20018],
[8909, 20022, 8913, 20024],
[6509, 18724, 18824, 6513],
[20017, 20021, 8908, 20011],
[9914, 20016, 9912, 20020],
[8813, 8813, 7009, 8910],
[19320, 20006, 19317, 20018],
[19521, 14909, 19520, 14912],
[20020, 17820, 13211, 20008],
[18707, 18718, 13209, 18819],
[20006, 20024, 10408, 20017],
[14718, 20023, 6910, 20022],
[20030, 3006, 6313, 20029],
[20022, 20020, 11112, 11113],
[14615, 14512, 14515, 14016],
[20006, 20016, 18320, 6413],
[20013, 16116, 6512, 20023],
[10210, 10315, 15615, 15622],
[20021, 20016, 17614, 17613],
[20017, 9310, 9312, 20025],
[20006, 20017, 17717, 20018],
[6612, 20026, 20022, 6613],
[20024, 11512, 11510, 20021],
[18617, 18727, 11412, 11413],
[12219, 9209, 9212, 12113],
[20010, 20023, 9109, 20021],
[20015, 15716, 15716, 20024],
[19122, 4706, 19226, 4709],
[17613, 17620, 17723, 9508],
[20020, 14516, 8108, 20022],
[10212, 20021, 20025, 17315],
[20015, 16516, 16514, 20019],
[20022, 18117, 20023, 12409],
[19919, 1501, 20029, 1503],
[20006, 20015, 12516, 20019],
[18623, 1402, 18623, 1403],
[8911, 20025, 8914, 20023],
[20015, 19918, 17913, 20008],
[20020, 20016, 12414, 20010],
[20010, 20021, 16918, 20012],
[20021, 12415, 20014, 12409],
[20015, 20019, 17805, 18418],
[12909, 20018, 12903, 20024],
[18627, 9010, 9013, 18725],
[5508, 5507, 12919, 12919],
[10911, 20019, 20022, 17120],
[20016, 20006, 12115, 20022],
[16915, 20023, 12210, 20019],
[11520, 16913, 17022, 16919],
[20022, 20020, 11805, 11811],
[13311, 20008, 20019, 16017],
[20022, 9712, 9709, 20024],
[20028, 4407, 4407, 20027],
[13615, 13723, 6411, 6411],
[12411, 16721, 16716, 12416],
[2204, 1705, 2204, 1704],
[20014, 20006, 20015, 20021],
[20016, 20025, 9217, 19318],
[10115, 10111, 18528, 18521],
[9213, 18717, 9211, 18717],
[19725, 10413, 12016, 19625],
[10714, 10713, 8512, 10814],
[20023, 16317, 7719, 20022],
[20025, 20022, 13613, 6812],
[16316, 16325, 8810, 8813],
[9511, 6510, 11918, 11922],
[12714, 5807, 12817, 12713],
[18819, 20019, 7714, 20015],
[16016, 16123, 14116, 12911],
[8707, 10113, 10012, 9916],
[19025, 8011, 19025, 8009],
[16615, 11015, 5106, 16723],
[20016, 20020, 14619, 14619],
[20003, 20010, 20014, 20018],
[6515, 7210, 6509, 7210],
[4306, 20028, 4304, 20023],
[7814, 20023, 14615, 20020],
[20009, 20021, 8711, 20020],
[20021, 20023, 4606, 20012],
[20017, 20006, 20010, 20015],
[20006, 20018, 20016, 20017],
[18622, 18311, 9413, 18519],
[9011, 8409, 8412, 9011],
[8909, 18410, 18528, 18421],
[20006, 17519, 20019, 20015],
[20018, 18707, 8009, 20020],
[20016, 9109, 20019, 20017],
[14017, 7615, 20026, 20019],
[7210, 14318, 14220, 14217],
[11912, 20025, 12214, 20018],
[20019, 20025, 15611, 15810],
[20008, 15716, 20020, 15717],
[20024, 14414, 11109, 20020],
[16411, 17517, 17517, 16417],
[19819, 19816, 5309, 19922],
[20028, 7114, 20026, 7110],
[20019, 15517, 12608, 20025],
[17321, 6409, 6412, 17422],
[19122, 19120, 19221, 13712],
[18014, 12113, 20018, 20022],
[20003, 20020, 20011, 20014],
[8815, 8610, 8708, 8709],
[20018, 20010, 13920, 20016],
[17621, 15212, 17512, 15215],
[11215, 11224, 3405, 3408],
[19317, 13210, 19328, 12711],
[11016, 18619, 20018, 20025],
[12711, 12711, 20020, 20024],
[20022, 9809, 20024, 9815],
[8911, 15206, 15320, 15213],
[19625, 19621, 13315, 7410],
[20017, 20005, 11515, 20019],
[20026, 6309, 12517, 20025],
[20024, 8112, 8112, 20018],
[20021, 20019, 11205, 20018],
[9611, 11117, 11213, 11112],
[8411, 14921, 14817, 8415],
[19928, 5810, 20028, 5809],
[20024, 10213, 20027, 10211],
[9312, 19125, 19228, 9312],
[5606, 20027, 5606, 20024],
[3108, 3108, 19729, 19828],
[20014, 12915, 16813, 20023],
[16224, 16220, 0, 0],
[20018, 20027, 1202, 1202],
[20021, 14715, 14715, 20024],
[18719, 18719, 18015, 9714],
[19723, 19722, 10811, 10813],
[20017, 20017, 20019, 17309],
[16810, 16921, 8213, 16814],
[13414, 20011, 20018, 20021],
[11413, 11519, 8813, 11408],
[7811, 7713, 6212, 7708],
[11911, 17723, 17820, 17417],
[20018, 20015, 20002, 20007],
[20026, 15716, 20025, 11613],
[11115, 20023, 11114, 20027],
[20023, 3909, 19915, 20021],
[16519, 13807, 16416, 13810],
[6610, 17124, 17119, 6609],
[20018, 20023, 12304, 12314],
[20019, 11015, 11010, 20023],
[4710, 16021, 4708, 16124],
[9712, 9709, 20026, 20023],
[10210, 20029, 20024, 10212],
[19824, 19720, 11913, 15515],
[20013, 8213, 20025, 20021],
[20023, 15717, 20016, 15704],
[20010, 10813, 20017, 20023],
[13813, 19722, 13814, 19824],
[14114, 20022, 12113, 20017],
[9211, 18224, 16720, 18111],
[20004, 20014, 20019, 17614],
[19425, 6807, 6815, 19322],
[20015, 20021, 20016, 13415],
[6510, 6512, 17223, 17321],
[8210, 14216, 14214, 14320],
[20010, 14816, 20023, 20008],
[12716, 20020, 20024, 12703],
[16314, 10315, 13712, 16321],
[13815, 15015, 15014, 15115],
[20019, 16114, 13815, 20022],
[20029, 3805, 20030, 3807],
[18621, 18507, 13013, 16316],
[3506, 16927, 16826, 3507],
[13917, 15721, 15716, 15715],
[20017, 14416, 20013, 20017],
[20022, 20020, 15709, 15715],
[7510, 20023, 20025, 20016],
[6908, 6908, 17618, 17626],
[8103, 19527, 19420, 8114],
[20005, 20020, 12911, 20023],
[20023, 20018, 14315, 20004],
[4807, 14425, 14422, 4811],
[3307, 15918, 3306, 15923],
[20017, 20018, 12513, 20020],
[10814, 8312, 8312, 10814],
[12716, 10710, 20024, 20018],
[20010, 20016, 11416, 20020],
[20020, 19615, 8613, 20021],
[20027, 20023, 9212, 9212],
[2403, 14318, 2406, 14323],
[14717, 19821, 13803, 19719],
[10518, 10515, 10618, 6508],
[20019, 10313, 20024, 10310],
[20020, 20016, 8210, 18816],
[18123, 18120, 10615, 10611],
[20017, 20003, 20014, 20017],
[20006, 20017, 4007, 20021],
[20015, 20016, 20004, 20015],
[13915, 20021, 18016, 20016],
[8111, 19719, 15922, 19719],
[20018, 20015, 18016, 17416],
[20020, 11114, 12810, 20017],
[20016, 20019, 17516, 17503],
[19923, 20027, 10713, 15816],
[20024, 20018, 15414, 12312],
[20020, 20012, 13009, 20015],
[20022, 15517, 12013, 20020],
[20018, 20006, 20009, 20013],
[20015, 18408, 18407, 20020],
[20013, 20023, 15717, 15704],
[12014, 12122, 4507, 4507],
[16812, 20022, 20015, 20004],
[20023, 20023, 8013, 8013],
[17320, 8813, 17216, 17217],
[7912, 15421, 15317, 15316],
[15115, 11215, 15220, 15114],
[18015, 18023, 9211, 16320],
[16222, 6410, 9417, 16222],
[4706, 13325, 13319, 4706],
[20022, 11516, 20027, 11514],
[18416, 18414, 12406, 18524],
[20016, 20024, 12514, 12514],
[17013, 17119, 12110, 17012],
[9110, 17421, 20026, 20009],
[19515, 11612, 19619, 19515],
[20019, 20015, 13917, 10311],
[20020, 20020, 20012, 16909],
[17914, 20021, 13714, 20023],
[15418, 15415, 8813, 15513],
[14516, 8914, 14523, 8912],
[17113, 20022, 20018, 17111],
[20019, 16112, 20016, 20017],
[10007, 20028, 20024, 10010],
[20009, 15116, 15114, 20022],
[20018, 20024, 20015, 5411],
[15420, 15521, 9212, 9215],
[13012, 16713, 12814, 16822],
[20010, 20016, 20007, 20016],
[20004, 20013, 20007, 20018],
[20012, 17808, 17804, 20022],
[20005, 20021, 17215, 20009],
[20012, 20023, 20008, 20006],
[11613, 15515, 20023, 20022],
[9714, 9817, 6013, 9710],
[20018, 20017, 15415, 20012],
[17623, 17623, 14212, 10804],
[20019, 11707, 20010, 20018],
[20017, 20008, 20006, 20018],
[20020, 9513, 15617, 20022],
[20019, 18818, 7113, 20016],
[10111, 10113, 10812, 10812],
[18918, 20017, 20018, 12918],
[9803, 9715, 8010, 9715],
[17110, 17216, 16913, 17114],
[17411, 18519, 20020, 20019],
[11413, 11410, 20021, 20021],
[20023, 20024, 6212, 6209],
[20018, 20007, 18313, 20018],
[20025, 20026, 6809, 6811],
[11614, 15515, 15621, 15519],
[15320, 10716, 10715, 15320],
[12610, 12812, 12715, 12716],
[7212, 20025, 20022, 20010],
[20003, 20014, 20009, 20016],
[20003, 20009, 18313, 20021],
[16315, 16218, 7311, 16214],
[9613, 10218, 10218, 9612],
[12114, 20018, 20023, 12116],
